{
 "cells": [
  {
   "cell_type": "code",
   "execution_count": 18,
   "metadata": {},
   "outputs": [],
   "source": [
    "import pandas as pd\n",
    "import seaborn as Sns"
   ]
  },
  {
   "cell_type": "code",
   "execution_count": 19,
   "metadata": {},
   "outputs": [
    {
     "data": {
      "text/html": [
       "<div>\n",
       "<style scoped>\n",
       "    .dataframe tbody tr th:only-of-type {\n",
       "        vertical-align: middle;\n",
       "    }\n",
       "\n",
       "    .dataframe tbody tr th {\n",
       "        vertical-align: top;\n",
       "    }\n",
       "\n",
       "    .dataframe thead th {\n",
       "        text-align: right;\n",
       "    }\n",
       "</style>\n",
       "<table border=\"1\" class=\"dataframe\">\n",
       "  <thead>\n",
       "    <tr style=\"text-align: right;\">\n",
       "      <th></th>\n",
       "      <th>rollno</th>\n",
       "      <th>Name</th>\n",
       "      <th>Department</th>\n",
       "      <th>Sex</th>\n",
       "      <th>Category</th>\n",
       "      <th>Blood_group</th>\n",
       "      <th>Board</th>\n",
       "      <th>Mother_Tongue</th>\n",
       "      <th>State</th>\n",
       "    </tr>\n",
       "  </thead>\n",
       "  <tbody>\n",
       "    <tr>\n",
       "      <th>0</th>\n",
       "      <td>1401CE02</td>\n",
       "      <td>Stacee Whittingham</td>\n",
       "      <td>CE</td>\n",
       "      <td>M</td>\n",
       "      <td>OB</td>\n",
       "      <td>O-</td>\n",
       "      <td>INTERMEDIATE BOARD</td>\n",
       "      <td>GJ</td>\n",
       "      <td>HP</td>\n",
       "    </tr>\n",
       "    <tr>\n",
       "      <th>1</th>\n",
       "      <td>1401CE03</td>\n",
       "      <td>Tiffie Jeanon</td>\n",
       "      <td>CE</td>\n",
       "      <td>M</td>\n",
       "      <td>ST</td>\n",
       "      <td>B+</td>\n",
       "      <td>INTERMEDIATE BOARD (A.P)</td>\n",
       "      <td>ML</td>\n",
       "      <td>HN</td>\n",
       "    </tr>\n",
       "    <tr>\n",
       "      <th>2</th>\n",
       "      <td>1401CE04</td>\n",
       "      <td>Natka Iacivelli</td>\n",
       "      <td>CE</td>\n",
       "      <td>M</td>\n",
       "      <td>GE</td>\n",
       "      <td>O-</td>\n",
       "      <td>BIEAP</td>\n",
       "      <td>HD</td>\n",
       "      <td>WB</td>\n",
       "    </tr>\n",
       "    <tr>\n",
       "      <th>3</th>\n",
       "      <td>1401CE05</td>\n",
       "      <td>Derrick Boland</td>\n",
       "      <td>CE</td>\n",
       "      <td>F</td>\n",
       "      <td>PD</td>\n",
       "      <td>A-</td>\n",
       "      <td>TELANGANA STATE BOARD</td>\n",
       "      <td>BH</td>\n",
       "      <td>TN</td>\n",
       "    </tr>\n",
       "    <tr>\n",
       "      <th>4</th>\n",
       "      <td>1401CE06</td>\n",
       "      <td>Sukey Veysey</td>\n",
       "      <td>CE</td>\n",
       "      <td>M</td>\n",
       "      <td>GE</td>\n",
       "      <td>B-</td>\n",
       "      <td>TELANGANA BOARD OF INTERMIDITE</td>\n",
       "      <td>BH</td>\n",
       "      <td>XY</td>\n",
       "    </tr>\n",
       "  </tbody>\n",
       "</table>\n",
       "</div>"
      ],
      "text/plain": [
       "     rollno                Name Department Sex Category Blood_group  \\\n",
       "0  1401CE02  Stacee Whittingham         CE   M       OB          O-   \n",
       "1  1401CE03       Tiffie Jeanon         CE   M       ST          B+   \n",
       "2  1401CE04     Natka Iacivelli         CE   M       GE          O-   \n",
       "3  1401CE05      Derrick Boland         CE   F       PD          A-   \n",
       "4  1401CE06        Sukey Veysey         CE   M       GE          B-   \n",
       "\n",
       "                            Board Mother_Tongue State  \n",
       "0              INTERMEDIATE BOARD            GJ    HP  \n",
       "1        INTERMEDIATE BOARD (A.P)            ML    HN  \n",
       "2                           BIEAP            HD    WB  \n",
       "3           TELANGANA STATE BOARD            BH    TN  \n",
       "4  TELANGANA BOARD OF INTERMIDITE            BH    XY  "
      ]
     },
     "execution_count": 19,
     "metadata": {},
     "output_type": "execute_result"
    }
   ],
   "source": [
    "t1=pd.read_csv(\"student_data.csv\")\n",
    "t1.rename(columns={'Roll Number' : 'rollno' , 'Blood Group' : 'Blood_group', \n",
    "'Mother Tongue' : 'Mother_Tongue'},inplace=True )\n",
    "t2=pd.read_csv(\"Semester1cst.csv\")\n",
    "t1.head()"
   ]
  },
  {
   "cell_type": "code",
   "execution_count": 20,
   "metadata": {},
   "outputs": [
    {
     "data": {
      "text/html": [
       "<div>\n",
       "<style scoped>\n",
       "    .dataframe tbody tr th:only-of-type {\n",
       "        vertical-align: middle;\n",
       "    }\n",
       "\n",
       "    .dataframe tbody tr th {\n",
       "        vertical-align: top;\n",
       "    }\n",
       "\n",
       "    .dataframe thead th {\n",
       "        text-align: right;\n",
       "    }\n",
       "</style>\n",
       "<table border=\"1\" class=\"dataframe\">\n",
       "  <thead>\n",
       "    <tr style=\"text-align: right;\">\n",
       "      <th></th>\n",
       "      <th>rollno</th>\n",
       "      <th>Branch</th>\n",
       "      <th>SPI1</th>\n",
       "    </tr>\n",
       "  </thead>\n",
       "  <tbody>\n",
       "    <tr>\n",
       "      <th>0</th>\n",
       "      <td>1401CE01</td>\n",
       "      <td>CE</td>\n",
       "      <td>3.000000</td>\n",
       "    </tr>\n",
       "    <tr>\n",
       "      <th>1</th>\n",
       "      <td>1401CE02</td>\n",
       "      <td>CE</td>\n",
       "      <td>7.551020</td>\n",
       "    </tr>\n",
       "    <tr>\n",
       "      <th>2</th>\n",
       "      <td>1401CE03</td>\n",
       "      <td>CE</td>\n",
       "      <td>8.000000</td>\n",
       "    </tr>\n",
       "    <tr>\n",
       "      <th>3</th>\n",
       "      <td>1401CE04</td>\n",
       "      <td>CE</td>\n",
       "      <td>7.122449</td>\n",
       "    </tr>\n",
       "    <tr>\n",
       "      <th>4</th>\n",
       "      <td>1401CE05</td>\n",
       "      <td>CE</td>\n",
       "      <td>8.102041</td>\n",
       "    </tr>\n",
       "  </tbody>\n",
       "</table>\n",
       "</div>"
      ],
      "text/plain": [
       "     rollno Branch      SPI1\n",
       "0  1401CE01     CE  3.000000\n",
       "1  1401CE02     CE  7.551020\n",
       "2  1401CE03     CE  8.000000\n",
       "3  1401CE04     CE  7.122449\n",
       "4  1401CE05     CE  8.102041"
      ]
     },
     "execution_count": 20,
     "metadata": {},
     "output_type": "execute_result"
    }
   ],
   "source": [
    "t2.head()"
   ]
  },
  {
   "cell_type": "code",
   "execution_count": 21,
   "metadata": {},
   "outputs": [
    {
     "data": {
      "text/html": [
       "<div>\n",
       "<style scoped>\n",
       "    .dataframe tbody tr th:only-of-type {\n",
       "        vertical-align: middle;\n",
       "    }\n",
       "\n",
       "    .dataframe tbody tr th {\n",
       "        vertical-align: top;\n",
       "    }\n",
       "\n",
       "    .dataframe thead th {\n",
       "        text-align: right;\n",
       "    }\n",
       "</style>\n",
       "<table border=\"1\" class=\"dataframe\">\n",
       "  <thead>\n",
       "    <tr style=\"text-align: right;\">\n",
       "      <th></th>\n",
       "      <th>rollno</th>\n",
       "      <th>Name</th>\n",
       "      <th>Department</th>\n",
       "      <th>Sex</th>\n",
       "      <th>Category</th>\n",
       "      <th>Blood_group</th>\n",
       "      <th>Board</th>\n",
       "      <th>Mother_Tongue</th>\n",
       "      <th>State</th>\n",
       "      <th>Branch</th>\n",
       "      <th>SPI1</th>\n",
       "    </tr>\n",
       "  </thead>\n",
       "  <tbody>\n",
       "    <tr>\n",
       "      <th>0</th>\n",
       "      <td>1401CE02</td>\n",
       "      <td>Stacee Whittingham</td>\n",
       "      <td>CE</td>\n",
       "      <td>M</td>\n",
       "      <td>OB</td>\n",
       "      <td>O-</td>\n",
       "      <td>INTERMEDIATE BOARD</td>\n",
       "      <td>GJ</td>\n",
       "      <td>HP</td>\n",
       "      <td>CE</td>\n",
       "      <td>3.000000</td>\n",
       "    </tr>\n",
       "    <tr>\n",
       "      <th>1</th>\n",
       "      <td>1401CE03</td>\n",
       "      <td>Tiffie Jeanon</td>\n",
       "      <td>CE</td>\n",
       "      <td>M</td>\n",
       "      <td>ST</td>\n",
       "      <td>B+</td>\n",
       "      <td>INTERMEDIATE BOARD (A.P)</td>\n",
       "      <td>ML</td>\n",
       "      <td>HN</td>\n",
       "      <td>CE</td>\n",
       "      <td>7.551020</td>\n",
       "    </tr>\n",
       "    <tr>\n",
       "      <th>2</th>\n",
       "      <td>1401CE04</td>\n",
       "      <td>Natka Iacivelli</td>\n",
       "      <td>CE</td>\n",
       "      <td>M</td>\n",
       "      <td>GE</td>\n",
       "      <td>O-</td>\n",
       "      <td>BIEAP</td>\n",
       "      <td>HD</td>\n",
       "      <td>WB</td>\n",
       "      <td>CE</td>\n",
       "      <td>8.000000</td>\n",
       "    </tr>\n",
       "    <tr>\n",
       "      <th>3</th>\n",
       "      <td>1401CE05</td>\n",
       "      <td>Derrick Boland</td>\n",
       "      <td>CE</td>\n",
       "      <td>F</td>\n",
       "      <td>PD</td>\n",
       "      <td>A-</td>\n",
       "      <td>TELANGANA STATE BOARD</td>\n",
       "      <td>BH</td>\n",
       "      <td>TN</td>\n",
       "      <td>CE</td>\n",
       "      <td>7.122449</td>\n",
       "    </tr>\n",
       "    <tr>\n",
       "      <th>4</th>\n",
       "      <td>1401CE06</td>\n",
       "      <td>Sukey Veysey</td>\n",
       "      <td>CE</td>\n",
       "      <td>M</td>\n",
       "      <td>GE</td>\n",
       "      <td>B-</td>\n",
       "      <td>TELANGANA BOARD OF INTERMIDITE</td>\n",
       "      <td>BH</td>\n",
       "      <td>XY</td>\n",
       "      <td>CE</td>\n",
       "      <td>8.102041</td>\n",
       "    </tr>\n",
       "  </tbody>\n",
       "</table>\n",
       "</div>"
      ],
      "text/plain": [
       "     rollno                Name Department Sex Category Blood_group  \\\n",
       "0  1401CE02  Stacee Whittingham         CE   M       OB          O-   \n",
       "1  1401CE03       Tiffie Jeanon         CE   M       ST          B+   \n",
       "2  1401CE04     Natka Iacivelli         CE   M       GE          O-   \n",
       "3  1401CE05      Derrick Boland         CE   F       PD          A-   \n",
       "4  1401CE06        Sukey Veysey         CE   M       GE          B-   \n",
       "\n",
       "                            Board Mother_Tongue State Branch      SPI1  \n",
       "0              INTERMEDIATE BOARD            GJ    HP     CE  3.000000  \n",
       "1        INTERMEDIATE BOARD (A.P)            ML    HN     CE  7.551020  \n",
       "2                           BIEAP            HD    WB     CE  8.000000  \n",
       "3           TELANGANA STATE BOARD            BH    TN     CE  7.122449  \n",
       "4  TELANGANA BOARD OF INTERMIDITE            BH    XY     CE  8.102041  "
      ]
     },
     "execution_count": 21,
     "metadata": {},
     "output_type": "execute_result"
    }
   ],
   "source": [
    "df=pd.concat([t1,t2],axis='columns')\n",
    "df = df.loc[:,~df.columns.duplicated()]\n",
    "df.head()"
   ]
  },
  {
   "cell_type": "code",
   "execution_count": 22,
   "metadata": {},
   "outputs": [
    {
     "data": {
      "text/html": [
       "<div>\n",
       "<style scoped>\n",
       "    .dataframe tbody tr th:only-of-type {\n",
       "        vertical-align: middle;\n",
       "    }\n",
       "\n",
       "    .dataframe tbody tr th {\n",
       "        vertical-align: top;\n",
       "    }\n",
       "\n",
       "    .dataframe thead th {\n",
       "        text-align: right;\n",
       "    }\n",
       "</style>\n",
       "<table border=\"1\" class=\"dataframe\">\n",
       "  <thead>\n",
       "    <tr style=\"text-align: right;\">\n",
       "      <th></th>\n",
       "      <th>SPI1</th>\n",
       "      <th>GE</th>\n",
       "      <th>OB</th>\n",
       "      <th>PD</th>\n",
       "      <th>SC</th>\n",
       "      <th>ST</th>\n",
       "      <th>F</th>\n",
       "      <th>M</th>\n",
       "      <th>CE</th>\n",
       "      <th>CH</th>\n",
       "      <th>CS</th>\n",
       "      <th>EE</th>\n",
       "      <th>ME</th>\n",
       "    </tr>\n",
       "  </thead>\n",
       "  <tbody>\n",
       "    <tr>\n",
       "      <th>1</th>\n",
       "      <td>7.551020</td>\n",
       "      <td>0</td>\n",
       "      <td>0</td>\n",
       "      <td>0</td>\n",
       "      <td>0</td>\n",
       "      <td>1</td>\n",
       "      <td>0</td>\n",
       "      <td>1</td>\n",
       "      <td>1</td>\n",
       "      <td>0</td>\n",
       "      <td>0</td>\n",
       "      <td>0</td>\n",
       "      <td>0</td>\n",
       "    </tr>\n",
       "    <tr>\n",
       "      <th>2</th>\n",
       "      <td>8.000000</td>\n",
       "      <td>1</td>\n",
       "      <td>0</td>\n",
       "      <td>0</td>\n",
       "      <td>0</td>\n",
       "      <td>0</td>\n",
       "      <td>0</td>\n",
       "      <td>1</td>\n",
       "      <td>1</td>\n",
       "      <td>0</td>\n",
       "      <td>0</td>\n",
       "      <td>0</td>\n",
       "      <td>0</td>\n",
       "    </tr>\n",
       "    <tr>\n",
       "      <th>3</th>\n",
       "      <td>7.122449</td>\n",
       "      <td>0</td>\n",
       "      <td>0</td>\n",
       "      <td>1</td>\n",
       "      <td>0</td>\n",
       "      <td>0</td>\n",
       "      <td>1</td>\n",
       "      <td>0</td>\n",
       "      <td>1</td>\n",
       "      <td>0</td>\n",
       "      <td>0</td>\n",
       "      <td>0</td>\n",
       "      <td>0</td>\n",
       "    </tr>\n",
       "    <tr>\n",
       "      <th>4</th>\n",
       "      <td>8.102041</td>\n",
       "      <td>1</td>\n",
       "      <td>0</td>\n",
       "      <td>0</td>\n",
       "      <td>0</td>\n",
       "      <td>0</td>\n",
       "      <td>0</td>\n",
       "      <td>1</td>\n",
       "      <td>1</td>\n",
       "      <td>0</td>\n",
       "      <td>0</td>\n",
       "      <td>0</td>\n",
       "      <td>0</td>\n",
       "    </tr>\n",
       "    <tr>\n",
       "      <th>5</th>\n",
       "      <td>6.734694</td>\n",
       "      <td>0</td>\n",
       "      <td>0</td>\n",
       "      <td>0</td>\n",
       "      <td>1</td>\n",
       "      <td>0</td>\n",
       "      <td>0</td>\n",
       "      <td>1</td>\n",
       "      <td>1</td>\n",
       "      <td>0</td>\n",
       "      <td>0</td>\n",
       "      <td>0</td>\n",
       "      <td>0</td>\n",
       "    </tr>\n",
       "  </tbody>\n",
       "</table>\n",
       "</div>"
      ],
      "text/plain": [
       "       SPI1  GE  OB  PD  SC  ST  F  M  CE  CH  CS  EE  ME\n",
       "1  7.551020   0   0   0   0   1  0  1   1   0   0   0   0\n",
       "2  8.000000   1   0   0   0   0  0  1   1   0   0   0   0\n",
       "3  7.122449   0   0   1   0   0  1  0   1   0   0   0   0\n",
       "4  8.102041   1   0   0   0   0  0  1   1   0   0   0   0\n",
       "5  6.734694   0   0   0   1   0  0  1   1   0   0   0   0"
      ]
     },
     "execution_count": 22,
     "metadata": {},
     "output_type": "execute_result"
    }
   ],
   "source": [
    "d1=pd.get_dummies(df.Category)\n",
    "d2=pd.get_dummies(df.Sex)\n",
    "d3=pd.get_dummies(df.Department)\n",
    "#d4=pd.get_dummies(df.Board)\n",
    "#d5=pd.get_dummies(df.State)\n",
    "#d6=pd.get_dummies(df.Mother_Tongue)\n",
    "df=pd.concat([df,d1,d2,d3],axis='columns')\n",
    "df = df.loc[:,~df.columns.duplicated()]\n",
    "df = df.loc[df['SPI1'] > 5]\n",
    "df=df.drop(['rollno', 'Name','Department','Sex','Category','Blood_group','Board','Mother_Tongue','State','Branch'], axis = 1)\n",
    "y=df['SPI1']\n",
    "df.head()\n",
    "#Trying to avoid the dummy variable trap\n"
   ]
  },
  {
   "cell_type": "code",
   "execution_count": 23,
   "metadata": {},
   "outputs": [
    {
     "data": {
      "text/html": [
       "<div>\n",
       "<style scoped>\n",
       "    .dataframe tbody tr th:only-of-type {\n",
       "        vertical-align: middle;\n",
       "    }\n",
       "\n",
       "    .dataframe tbody tr th {\n",
       "        vertical-align: top;\n",
       "    }\n",
       "\n",
       "    .dataframe thead th {\n",
       "        text-align: right;\n",
       "    }\n",
       "</style>\n",
       "<table border=\"1\" class=\"dataframe\">\n",
       "  <thead>\n",
       "    <tr style=\"text-align: right;\">\n",
       "      <th></th>\n",
       "      <th>SPI1</th>\n",
       "      <th>GE</th>\n",
       "      <th>OB</th>\n",
       "      <th>PD</th>\n",
       "      <th>SC</th>\n",
       "      <th>ST</th>\n",
       "      <th>F</th>\n",
       "      <th>M</th>\n",
       "      <th>CE</th>\n",
       "      <th>CH</th>\n",
       "      <th>CS</th>\n",
       "      <th>EE</th>\n",
       "      <th>ME</th>\n",
       "    </tr>\n",
       "  </thead>\n",
       "  <tbody>\n",
       "    <tr>\n",
       "      <th>SPI1</th>\n",
       "      <td>1.000000</td>\n",
       "      <td>-0.066992</td>\n",
       "      <td>0.150524</td>\n",
       "      <td>0.053471</td>\n",
       "      <td>-0.079362</td>\n",
       "      <td>-0.040832</td>\n",
       "      <td>0.066288</td>\n",
       "      <td>-0.066288</td>\n",
       "      <td>0.097578</td>\n",
       "      <td>-0.107222</td>\n",
       "      <td>0.021922</td>\n",
       "      <td>0.045114</td>\n",
       "      <td>-0.061880</td>\n",
       "    </tr>\n",
       "    <tr>\n",
       "      <th>GE</th>\n",
       "      <td>-0.066992</td>\n",
       "      <td>1.000000</td>\n",
       "      <td>-0.219265</td>\n",
       "      <td>-0.211167</td>\n",
       "      <td>-0.258721</td>\n",
       "      <td>-0.274270</td>\n",
       "      <td>0.125112</td>\n",
       "      <td>-0.125112</td>\n",
       "      <td>0.112403</td>\n",
       "      <td>0.067106</td>\n",
       "      <td>-0.070707</td>\n",
       "      <td>-0.121692</td>\n",
       "      <td>0.072361</td>\n",
       "    </tr>\n",
       "    <tr>\n",
       "      <th>OB</th>\n",
       "      <td>0.150524</td>\n",
       "      <td>-0.219265</td>\n",
       "      <td>1.000000</td>\n",
       "      <td>-0.203726</td>\n",
       "      <td>-0.249605</td>\n",
       "      <td>-0.264606</td>\n",
       "      <td>-0.067254</td>\n",
       "      <td>0.067254</td>\n",
       "      <td>-0.061063</td>\n",
       "      <td>0.077984</td>\n",
       "      <td>-0.023740</td>\n",
       "      <td>-0.044217</td>\n",
       "      <td>0.057835</td>\n",
       "    </tr>\n",
       "    <tr>\n",
       "      <th>PD</th>\n",
       "      <td>0.053471</td>\n",
       "      <td>-0.211167</td>\n",
       "      <td>-0.203726</td>\n",
       "      <td>1.000000</td>\n",
       "      <td>-0.240387</td>\n",
       "      <td>-0.254834</td>\n",
       "      <td>0.016633</td>\n",
       "      <td>-0.016633</td>\n",
       "      <td>-0.100566</td>\n",
       "      <td>-0.100566</td>\n",
       "      <td>0.025497</td>\n",
       "      <td>-0.028658</td>\n",
       "      <td>0.141846</td>\n",
       "    </tr>\n",
       "    <tr>\n",
       "      <th>SC</th>\n",
       "      <td>-0.079362</td>\n",
       "      <td>-0.258721</td>\n",
       "      <td>-0.249605</td>\n",
       "      <td>-0.240387</td>\n",
       "      <td>1.000000</td>\n",
       "      <td>-0.312221</td>\n",
       "      <td>-0.060234</td>\n",
       "      <td>0.060234</td>\n",
       "      <td>0.154338</td>\n",
       "      <td>-0.013546</td>\n",
       "      <td>0.034805</td>\n",
       "      <td>-0.026694</td>\n",
       "      <td>-0.107833</td>\n",
       "    </tr>\n",
       "    <tr>\n",
       "      <th>ST</th>\n",
       "      <td>-0.040832</td>\n",
       "      <td>-0.274270</td>\n",
       "      <td>-0.264606</td>\n",
       "      <td>-0.254834</td>\n",
       "      <td>-0.312221</td>\n",
       "      <td>1.000000</td>\n",
       "      <td>-0.009197</td>\n",
       "      <td>0.009197</td>\n",
       "      <td>-0.110921</td>\n",
       "      <td>-0.029507</td>\n",
       "      <td>0.028793</td>\n",
       "      <td>0.198636</td>\n",
       "      <td>-0.132754</td>\n",
       "    </tr>\n",
       "    <tr>\n",
       "      <th>F</th>\n",
       "      <td>0.066288</td>\n",
       "      <td>0.125112</td>\n",
       "      <td>-0.067254</td>\n",
       "      <td>0.016633</td>\n",
       "      <td>-0.060234</td>\n",
       "      <td>-0.009197</td>\n",
       "      <td>1.000000</td>\n",
       "      <td>-1.000000</td>\n",
       "      <td>-0.051018</td>\n",
       "      <td>0.054556</td>\n",
       "      <td>-0.019742</td>\n",
       "      <td>-0.045535</td>\n",
       "      <td>0.064248</td>\n",
       "    </tr>\n",
       "    <tr>\n",
       "      <th>M</th>\n",
       "      <td>-0.066288</td>\n",
       "      <td>-0.125112</td>\n",
       "      <td>0.067254</td>\n",
       "      <td>-0.016633</td>\n",
       "      <td>0.060234</td>\n",
       "      <td>0.009197</td>\n",
       "      <td>-1.000000</td>\n",
       "      <td>1.000000</td>\n",
       "      <td>0.051018</td>\n",
       "      <td>-0.054556</td>\n",
       "      <td>0.019742</td>\n",
       "      <td>0.045535</td>\n",
       "      <td>-0.064248</td>\n",
       "    </tr>\n",
       "    <tr>\n",
       "      <th>CE</th>\n",
       "      <td>0.097578</td>\n",
       "      <td>0.112403</td>\n",
       "      <td>-0.061063</td>\n",
       "      <td>-0.100566</td>\n",
       "      <td>0.154338</td>\n",
       "      <td>-0.110921</td>\n",
       "      <td>-0.051018</td>\n",
       "      <td>0.051018</td>\n",
       "      <td>1.000000</td>\n",
       "      <td>-0.111765</td>\n",
       "      <td>-0.216930</td>\n",
       "      <td>-0.195058</td>\n",
       "      <td>-0.192334</td>\n",
       "    </tr>\n",
       "    <tr>\n",
       "      <th>CH</th>\n",
       "      <td>-0.107222</td>\n",
       "      <td>0.067106</td>\n",
       "      <td>0.077984</td>\n",
       "      <td>-0.100566</td>\n",
       "      <td>-0.013546</td>\n",
       "      <td>-0.029507</td>\n",
       "      <td>0.054556</td>\n",
       "      <td>-0.054556</td>\n",
       "      <td>-0.111765</td>\n",
       "      <td>1.000000</td>\n",
       "      <td>-0.216930</td>\n",
       "      <td>-0.195058</td>\n",
       "      <td>-0.192334</td>\n",
       "    </tr>\n",
       "    <tr>\n",
       "      <th>CS</th>\n",
       "      <td>0.021922</td>\n",
       "      <td>-0.070707</td>\n",
       "      <td>-0.023740</td>\n",
       "      <td>0.025497</td>\n",
       "      <td>0.034805</td>\n",
       "      <td>0.028793</td>\n",
       "      <td>-0.019742</td>\n",
       "      <td>0.019742</td>\n",
       "      <td>-0.216930</td>\n",
       "      <td>-0.216930</td>\n",
       "      <td>1.000000</td>\n",
       "      <td>-0.378599</td>\n",
       "      <td>-0.373313</td>\n",
       "    </tr>\n",
       "    <tr>\n",
       "      <th>EE</th>\n",
       "      <td>0.045114</td>\n",
       "      <td>-0.121692</td>\n",
       "      <td>-0.044217</td>\n",
       "      <td>-0.028658</td>\n",
       "      <td>-0.026694</td>\n",
       "      <td>0.198636</td>\n",
       "      <td>-0.045535</td>\n",
       "      <td>0.045535</td>\n",
       "      <td>-0.195058</td>\n",
       "      <td>-0.195058</td>\n",
       "      <td>-0.378599</td>\n",
       "      <td>1.000000</td>\n",
       "      <td>-0.335673</td>\n",
       "    </tr>\n",
       "    <tr>\n",
       "      <th>ME</th>\n",
       "      <td>-0.061880</td>\n",
       "      <td>0.072361</td>\n",
       "      <td>0.057835</td>\n",
       "      <td>0.141846</td>\n",
       "      <td>-0.107833</td>\n",
       "      <td>-0.132754</td>\n",
       "      <td>0.064248</td>\n",
       "      <td>-0.064248</td>\n",
       "      <td>-0.192334</td>\n",
       "      <td>-0.192334</td>\n",
       "      <td>-0.373313</td>\n",
       "      <td>-0.335673</td>\n",
       "      <td>1.000000</td>\n",
       "    </tr>\n",
       "  </tbody>\n",
       "</table>\n",
       "</div>"
      ],
      "text/plain": [
       "          SPI1        GE        OB        PD        SC        ST         F  \\\n",
       "SPI1  1.000000 -0.066992  0.150524  0.053471 -0.079362 -0.040832  0.066288   \n",
       "GE   -0.066992  1.000000 -0.219265 -0.211167 -0.258721 -0.274270  0.125112   \n",
       "OB    0.150524 -0.219265  1.000000 -0.203726 -0.249605 -0.264606 -0.067254   \n",
       "PD    0.053471 -0.211167 -0.203726  1.000000 -0.240387 -0.254834  0.016633   \n",
       "SC   -0.079362 -0.258721 -0.249605 -0.240387  1.000000 -0.312221 -0.060234   \n",
       "ST   -0.040832 -0.274270 -0.264606 -0.254834 -0.312221  1.000000 -0.009197   \n",
       "F     0.066288  0.125112 -0.067254  0.016633 -0.060234 -0.009197  1.000000   \n",
       "M    -0.066288 -0.125112  0.067254 -0.016633  0.060234  0.009197 -1.000000   \n",
       "CE    0.097578  0.112403 -0.061063 -0.100566  0.154338 -0.110921 -0.051018   \n",
       "CH   -0.107222  0.067106  0.077984 -0.100566 -0.013546 -0.029507  0.054556   \n",
       "CS    0.021922 -0.070707 -0.023740  0.025497  0.034805  0.028793 -0.019742   \n",
       "EE    0.045114 -0.121692 -0.044217 -0.028658 -0.026694  0.198636 -0.045535   \n",
       "ME   -0.061880  0.072361  0.057835  0.141846 -0.107833 -0.132754  0.064248   \n",
       "\n",
       "             M        CE        CH        CS        EE        ME  \n",
       "SPI1 -0.066288  0.097578 -0.107222  0.021922  0.045114 -0.061880  \n",
       "GE   -0.125112  0.112403  0.067106 -0.070707 -0.121692  0.072361  \n",
       "OB    0.067254 -0.061063  0.077984 -0.023740 -0.044217  0.057835  \n",
       "PD   -0.016633 -0.100566 -0.100566  0.025497 -0.028658  0.141846  \n",
       "SC    0.060234  0.154338 -0.013546  0.034805 -0.026694 -0.107833  \n",
       "ST    0.009197 -0.110921 -0.029507  0.028793  0.198636 -0.132754  \n",
       "F    -1.000000 -0.051018  0.054556 -0.019742 -0.045535  0.064248  \n",
       "M     1.000000  0.051018 -0.054556  0.019742  0.045535 -0.064248  \n",
       "CE    0.051018  1.000000 -0.111765 -0.216930 -0.195058 -0.192334  \n",
       "CH   -0.054556 -0.111765  1.000000 -0.216930 -0.195058 -0.192334  \n",
       "CS    0.019742 -0.216930 -0.216930  1.000000 -0.378599 -0.373313  \n",
       "EE    0.045535 -0.195058 -0.195058 -0.378599  1.000000 -0.335673  \n",
       "ME   -0.064248 -0.192334 -0.192334 -0.373313 -0.335673  1.000000  "
      ]
     },
     "execution_count": 23,
     "metadata": {},
     "output_type": "execute_result"
    }
   ],
   "source": [
    "df.corr()"
   ]
  },
  {
   "cell_type": "code",
   "execution_count": 24,
   "metadata": {},
   "outputs": [
    {
     "data": {
      "text/plain": [
       "<matplotlib.axes._subplots.AxesSubplot at 0x1abbf6e4b48>"
      ]
     },
     "execution_count": 24,
     "metadata": {},
     "output_type": "execute_result"
    },
    {
     "data": {
